p(1=0|+1)=0.805138
p(1=1|+1)=0.961468
p(2=0|+1)=0.966972
p(2=1|+1)=0.799266
p(3=0|+1)=0.803303
p(3=1|+1)=0.962936
p(4=0|+1)=0.799633
p(4=1|+1)=0.965872
p(5=0|+1)=0.96
p(5=1|+1)=0.800367
p(6=0|+1)=0.791927
p(6=1|+1)=0.967706
p(7=1|+1)=0.964771
